209.305
98.796
193.308
195.206
335.126
284.232
136.570
268.936
406.270
471.064
335.490
108.514
820.249
402.374
201.988
142.234
264.222
173.269
271.608
199.116
160.827
468.877
235.895
185.064
320.338
165.249
236.273
128.757
203.776
97.662
118.517
211.576
258.881
123.243
323.362
421.801
170.552
306.099
308.569
192.998
408.684
300.660
230.012
100.240
305.450
127.281
247.880
293.384
205.374
207.463
592.248
105.177
205.377
440.793
167.153
297.874
473.671
153.419
272.138
272.570
427.080
347.613
202.550
148.454
445.514
246.285
243.605
38.676
371.531
210.065
412.640
145.311
427.028
134.659
343.928
143.602
84.407
147.784
274.369
579.771
203.488
74.816
260.050
269.729
128.254
167.636
278.406
219.264
197.414
236.778
212.403
54.173
99.068
499.183
379.746
377.920
249.874
108.579
330.166
129.106
304.832
223.403
240.412
91.391
187.898
131.739
207.021
47.147
395.427
111.409
195.459
134.425
260.790
77.390
73.035
223.752
137.634
57.039
282.705
107.077
352.551
153.429
343.342
297.896
376.758
142.261
392.798
458.653
174.728
224.621
219.581
148.026
82.612
253.523
256.708
377.390
386.371
287.823
334.798
176.157
215.186
101.852
80.093
363.614
89.972
307.028
300.079
85.502
245.200
123.460
208.949
112.680
506.531
259.615
149.563
288.095
279.737
270.030
135.432
320.938
225.814
412.835
743.792
343.823
164.874
195.602
246.876
281.380
148.362
236.893
131.291
249.753
348.448
158.711
217.836
147.919
246.334
367.599
284.032
374.159
503.866
326.023
136.189
312.199
256.738
200.619
67.706
203.587
378.704
211.264
493.766
314.898
117.558
731.471
65.057
151.175
278.818
747.179
364.659
225.747
240.539
228.525
285.535
51.491
469.313
276.369
187.745
241.733
406.433
198.479
29.566
220.317
447.545
406.693
297.231
422.796
425.716
103.184
311.493
305.722
513.793
113.128
328.723
372.082
243.555
228.673
277.462
394.998
83.700
310.182
162.267
540.198
110.714
269.891
357.800
325.875
119.853
69.506
350.445
140.483
469.811
81.073
164.310
315.732
253.228
407.991
513.018
156.427
163.121
143.348
169.938
426.727
75.659
403.552
243.311
436.693
251.176
119.301
311.685
367.180
436.161
303.612
250.752
275.505
86.753
354.423
489.004
253.186
424.664
227.497
150.730
95.316
102.778
348.659
173.326
176.394
484.610
291.589
267.293
354.474
162.318
460.078
198.984
61.158
240.104
738.691
166.570
330.488
98.191
125.522
167.269
262.028
207.578
537.929
183.392
375.614
163.090
311.717
383.864
218.185
