99.49272631854905
359.4137430693053
133.78902390663742
233.7565470955472
280.7049369933513
323.659830551589
387.8350415128524
142.2487461670675
552.9466347164017
192.8748056812281
222.64802197526987
176.63153296725147
284.058178347949
333.6699849901502
260.705054658794
87.4812010458143
202.12091835190682
150.12821253101072
154.05992894301465
90.67160418587426
366.57597495125356
398.12767173467404
170.41403957544583
93.11382900580028
420.59075499240424
97.80887374797204
159.56216008477386
298.5030517837486
358.87287047917204
231.7630370128289
147.17196657845244
152.8847090863527
185.74284278404198
240.67122060931874
349.9199308879921
124.28095008666392
299.9107346542782
486.89084026820274
144.7915327669267
256.41771590143236
112.19908607006339
197.59059398375788
162.37496703352207
423.36543998597165
260.0834973368418
152.74344129982543
183.04862486721382
211.12961818917964
100.78996328199287
258.43030520106913
275.6080233791166
464.4317938452882
141.17538692471314
116.60923771149804
216.2529396799619
794.7489332966607
441.2261681764764
274.68033928534817
145.86634674166473
110.08512582596185
202.40708814257354
226.27921161377668
147.913704537343
223.25242057789293
379.4677680499709
214.3015527179868
225.43682580667812
248.6955182797006
417.00080331853593
330.0483202839269
128.9014028760345
407.53007967403045
207.5670706507806
396.3913559412899
132.2174923123644
389.86678875733713
321.26078224571313
838.9025318979343
284.42595500501824
188.9437232061345
235.51774033145412
40.64327663171545
242.19955455921806
423.18205676902727
380.0960044759405
341.01806528124604
104.23213001254729
288.6927557703072
122.16692917709491
393.012117719545
394.21882957281804
183.37066624201148
389.08302467457816
204.14044168893605
551.4600963151391
263.4266860201383
179.41508648265815
154.36855624248597
232.92312331994043
55.334591490693356
164.01226357226957
266.98915930532144
341.2974641511625
307.7369615871647
186.20742113489612
188.25208584526672
353.59031778710886
292.0688879880673
199.2993411161926
217.75416003546385
337.0966531772232
365.98470697675117
104.24548453873076
321.8253507404633
294.50751917319957
96.85500222746042
465.61743640591516
125.30609692038358
339.50421284319367
121.30936614029103
141.0593481330305
251.90616566398916
164.48450382117852
250.5651075729294
204.80649347229786
194.61881510448538
270.7409011245286
114.23920024565805
202.79981297216014
356.375207547103
399.60810633083616
286.2463163539449
228.8752514859965
94.29265559253389
278.41028346933865
252.01880339647767
507.17475618481086
98.6954521214388
94.09439881562004
300.7743108577308
258.6831724212576
390.51012036492125
352.824722890967
174.62221533858548
187.63030781834354
353.81297011390484
259.36596448378873
434.1465443157145
212.39165294962166
202.27445473680268
236.84989717966798
431.930531064474
363.270348812559
121.21760791057616
321.6555976717044
452.6519882684183
198.47006475423885
200.21594313466966
131.92747755719634
163.07526497211052
82.57798111381386
114.35727151995286
240.1320458512052
361.51931457644895
200.66048899412252
98.0946510740053
342.80824769446707
106.00753631302946
519.6796975450097
65.15844275433506
676.0040318385797
182.10374518618258
287.6997492410182
260.4652980893102
465.8656807889165
165.36323635261402
409.4834103697227
126.91475307413175
375.79359773293356
276.36790501723635
213.04453684998865
66.22400377007803
214.15628980183223
264.0514184223356
288.2650768076933
165.73438170994785
262.6455908049367
240.37980829575673
422.31357506181877
302.69565412203394
190.6407438350216
254.89088044732125
439.78467425567754
271.9729412166305
247.66899371196646
402.0372229654838
362.55098912413075
259.9096306836415
163.92741435691684
103.05245771176257
99.13366020001433
98.43803353852479
145.50143371528688
347.31915964882006
199.5997927779649
342.28330616037533
354.07439642615753
125.26582352621406
475.57608938093097
118.3386736683982
171.7907522919768
338.18324739948997
152.39915267734935
181.02717408866303
163.29999830879711
192.0626639940818
412.4150662935228
179.08787156914212
74.52089077231177
255.70818194500742
301.7187607389721
220.57984255385847
687.7612739108956
322.20399116677646
462.86459136286396
327.6100011059167
229.07794521171976
115.46832047528562
92.69443051047259
100.08833099048117
326.53525834987664
259.2796664686717
91.16872567679411
344.32677710054236
80.71922025772639
192.35166483841172
211.10732441269408
173.92024096631656
222.77886651989363
449.0577945198125
73.19196936243092
62.41843201358455
315.25752657140043
458.22496647446116
348.303424365772
266.65761146652045
304.15711499576787
326.21237583018797
144.13015514428278
167.4953391811504
517.4965680368636
151.79973803085844
418.1872211609802
114.4498070816774
229.41402289378803
233.74065107200136
203.58364588649152
265.8714262276504
187.51841994620517
154.7538960639208
240.91447348547018
331.42174022469504
181.35194375703264
233.4738843638411
208.69562054797677
345.0111370623246
562.1683948180411
170.11021383648233
282.98341170891723
185.91461578425182
105.82162246464985
278.18211532176775
390.6582678331974
371.4248594194476
163.45648148164327
232.90559480038834
301.4174370048524
449.8371883849347
520.0702347917581
393.0138761237703
210.3813183992563
352.60801835196645
337.73448135906654
348.4844993757495
696.7572539683406
212.5184022501103
294.04407856675067
288.1061250917254
279.9560247611555
485.19455866645103
152.1058291079781
137.17870211496128
399.97294148703304
264.5132124287092
183.46944943400032
210.25903721721767
264.5518303379652
133.68135010330437
366.2267958086441
310.20930950611597
